768684431991898113
692922773861040130
642945637532434450
802892871668596776
565110927641411585
709250070540714034
482478978570125322
279848546507685888
676377457536008206
699164349570351105
363679619318153227
695528452211605525
638979341371441152
643482798631682058
734340367838740561
711232682339860511
669195644371468304
472752729127649300
717351626007904258
484686711952244736
559054231513071626
486171155833552896
647986799494561823
611159056614424588
696620635442380851
563338450246303749
665088640644284416
612599805310402561
726260957722050597
729748845256507452
745487410552635404
788323447523901440
685342884471636058
620597888556335114
648418587098349580
699504758896984154
720210516965851216
571339192341364747
657835936071286784
478182982994100235
761022907270823936
774761091367436308
718342224848486492
678546587873705984
699605402232553482
715134855914061846
744207609648775178
690846449860083712
720332872505884722
724575439800107089
712220991149047828

